0.000000000000000000e+00
1.034482758620689641e-01
2.068965517241379282e-01
3.103448275862069061e-01
4.137931034482758563e-01
5.172413793103448620e-01
6.206896551724138122e-01
7.241379310344827624e-01
8.275862068965517127e-01
9.310344827586206629e-01
1.034482758620689724e+00
1.137931034482758674e+00
1.241379310344827624e+00
1.344827586206896575e+00
1.448275862068965525e+00
1.551724137931034475e+00
1.655172413793103425e+00
1.758620689655172376e+00
1.862068965517241326e+00
1.965517241379310276e+00
2.068965517241379448e+00
2.172413793103448398e+00
2.275862068965517349e+00
2.379310344827586299e+00
2.482758620689655249e+00
2.586206896551724199e+00
2.689655172413793149e+00
2.793103448275862100e+00
2.896551724137931050e+00
3.000000000000000000e+00
