1.000000000000000021e-02
6.736842105263157743e-02
1.247368421052631599e-01
1.821052631578947700e-01
2.394736842105263386e-01
2.968421052631579071e-01
3.542105263157895312e-01
4.115789473684210997e-01
4.689473684210526683e-01
5.263157894736842923e-01
5.836842105263158054e-01
6.410526315789474294e-01
6.984210526315790535e-01
7.557894736842105665e-01
8.131578947368421906e-01
8.705263157894737036e-01
9.278947368421053277e-01
9.852631578947369517e-01
1.042631578947368576e+00
1.100000000000000089e+00
